# 矩阵特征值的计算

张鹤潇 2018011365

```bash
python lab5.py  # 运行代码
```

### 实验题1

#### 解题思路

用幂法求矩阵按模最大的特征值及其对应特征向量，实现课上讲授的实用幂法即可。

#### 关键代码

```python
def solve(mat: np.ndarray):
    u = np.ones((mat.shape[0], 1))
    lamda = 0
    while True:
        v = mat @ u
        lamda_next = np.max(np.abs(v))

        if np.abs(lamda - lamda_next) < 1e-5:
            break
        u = v / lamda_next
        lamda = lamda_next
    print(f"lambda 1 = {lamda}")
    print(f"eigen vec 1 = {u}\n")
```

#### 实验结果

对于矩阵 $A$,

```bash
lambda 1 = 12.254327364587589
eigen vec 1 = 
[[ 0.67401866]
 [-1.        ]
 [ 0.88956148]]
```

对于矩阵 $B$,

```bash
lambda 1 = 98.52169852212681
eigen vec 1 = 
[[-0.60397234]
 [ 1.        ]
 [-0.25113513]
 [ 0.14895345]]
```

### 实验题3、4

#### 解题思路

分别实现基本 QR 算法和带原点位移的 QR 算法，尝试计算矩阵 A 的特征值。 

计算可知，A 的特征值为 $[-1, 1, 1,1]$，它具有模相等的两个实特征值 $\pm 1$，不满足定理 5.22 的要求。进一步分析可知， A 和由 A 分解得到的矩阵 $Q,R$ 均为对称矩阵，即
$$
RQ=R^TQ^T=(QR)^T=A^T=A
$$
故基本 QR 算法无法收敛。

#### 关键代码

QR 分解算法：

```python
def sign(num): return 1 if num >= 0 else -1

def qr(mat: np.ndarray):
    n = mat.shape[0]
    q, r = np.eye(n), mat.copy()
    for k in range(n):
        sigma = sign(r[k, k]) * np.sqrt(np.sum(r[k:, k]**2))
        tmp = np.zeros((n - k, 1))
        tmp[0] = 1
        v = r[k:, k:(k + 1)] + sigma * tmp  # (n-k, 1)
        beta = v.T @ v
        w = np.concatenate((np.zeros((k, 1)), v / np.sqrt(beta)))    # (n, 1)
        q = q @ (np.eye(n) - 2 * w @ w.T)
        r[k:, k:] -= 2 / beta * v @ (v.T @ r[k:, k:])
    return q, r

```

基本 QR 算法：

```python
def basicQR(mat):
    print("Basic QR")
    q, r = qr(mat)
    print(f"iteration 1: mat =\n{r @ q}\n")
```

带原点位移的 QR 算法：

```python
def biasedQR(mat):
    print("Biased QR")
    n = mat.shape[0]
    for i in range(4):	# 迭代 4 轮
        s = mat[-1, -1]
        q, r = qr(mat - s * np.eye(n))
        mat = r @ q + s * np.eye(n)
        print(f"iteration {i+1}: mat =\n{ mat }")

    print(f"eigenvalues = {np.diag(mat)}")
```

#### 实验结果

```bash
Basic QR
iteration 1: mat =
[[ 0.5  0.5  0.5 -0.5]
 [ 0.5  0.5 -0.5  0.5]
 [ 0.5 -0.5  0.5  0.5]
 [-0.5  0.5  0.5  0.5]]
```

基本 QR 算法经过一轮迭代后的结果不变，无法收敛，该算法对矩阵 A 不适用。理论分析见**解题思路**。

```bash
Biased QR
iteration 1: mat =
[[-0.5         0.67082039 -0.43915503  0.32732684]
 [ 0.67082039  0.7         0.1963961  -0.14638501]
 [-0.43915503  0.1963961   0.87142857  0.09583148]
 [ 0.32732684 -0.14638501  0.09583148  0.92857143]]
iteration 2: mat =
[[-9.99085923e-01 -3.49002346e-02  2.01537540e-02 -1.42519421e-02]
 [-3.49002346e-02  9.99390708e-01  3.51846179e-04 -2.48811778e-04]
 [ 2.01537540e-02  3.51846179e-04  9.99796820e-01  1.43680736e-04]
 [-1.42519421e-02 -2.48811778e-04  1.43680736e-04  9.99898395e-01]]
iteration 3: mat =
[[-1.00000000e+00  1.77406154e-06 -1.02425491e-06  7.24257593e-07]
 [ 1.77406155e-06  1.00000000e+00  9.08482314e-13 -6.42387065e-13]
 [-1.02425491e-06  9.08498837e-13  1.00000000e+00  3.71050693e-13]
 [ 7.24257593e-07 -6.42442890e-13  3.70921953e-13  1.00000000e+00]]
iteration 4: mat =
[[-1.00000000e+00 -8.40531627e-16  3.82911384e-16 -1.48644186e-16]
 [-2.33009205e-19  1.00000000e+00 -6.32804292e-17  5.16859481e-17]
 [ 1.34227842e-19 -4.67607091e-17  1.00000000e+00  1.38505643e-16]
 [-9.50830375e-20 -4.11715154e-18  9.75634096e-18  1.00000000e+00]]
eigenvalues = [-1.  1.  1.  1.]
```

带原点位移的 QR 算法在四轮迭代之后基本收敛，正确得到了输入矩阵的特征值。这说明带原点位移的 QR 算法比基本 QR 算法的使用场景更广泛。